402.77577499999995 171.186725 118.954075 3.9236250000000004 252.23312499999997 514.2466000000001 52.62972499999998 38.0317 -177.346275 160.21484999999996 -136.1841 99.27822499999999 -256.9931750000001 -175.57110000000003 -30.892225000000003 -56.681700000000035 -110.58460000000001 -31.353925 -1.0572000000000001 -38.966725 -3.0507750000000002 -0.629525 0 -0.7748 0 0 0 0 445.97242500000004 154.98005 155.57527499999998 6.6377999999999995 -33.79655000000014 122.87027499999999 -78.878825 18.86695 -88.25392500000004 38.72177499999998 -169.522225 126.662425 -21.25620000000015 -24.167849999999987 -20.325525000000003 6.165224999999964 -158.506925 -7.719175000000007 -3.5637250000000003 -88.63052499999999 -22.769800000000004 -2.290025 -0.048425 -10.969750000000001 0 0 0 0 431.95107499999995 153.60052499999995 38.296550000000025 -2.9088000000000003 -180.53615000000002 -44.42515 -218.3814 2.2257499999999997 -100.442125 5.438449999999989 -114.48345 63.654875000000004 76.82282500000002 46.64224999999999 -6.825075000000002 95.69735000000003 -124.49547500000006 9.532800000000009 -1.920725 -90.49084999999997 -71.09217500000003 -2.976749999999999 -0.1079500000000001 -53.475275 -1.7733750000000001 -0.629525 0 -1.7801500000000001 90.75842499999999 -17.140625000000057 -158.07309999999998 -4.964250000000002 -181.02510000000004 -40.85380000000001 -175.41520000000003 0 -51.14397500000001 2.3343999999999996 -33.685725000000005 12.586199999999998 100.7397 38.094725 0.2692999999999999 101.28087500000001 -13.353425000000016 43.790024999999986 -2.1083500000000015 22.150549999999953 -107.55790000000007 11.825949999999992 -1.2966000000000002 -104.84600000000006 -20.10925 -3.6506750000000014 -0.29055000000000003 -21.555575 -174.39145000000008 -200.62722500000004 -137.6033 0.4058250000000001 -109.2938 -24.305625 -69.856175 0 -15.68025 -0.549525 -5.278325000000001 0.1263 41.567325 13.38955 0.07944999999999997 29.224625 80.10707500000001 57.62685 0.4418249999999997 79.35839999999996 -47.147875 56.955625 -0.09462500000000063 -56.923775000000035 -69.578925 -0.533574999999999 -0.5411 -59.97619999999999 -226.76487500000002 -132.68777500000004 -54.068875000000006 -4.262875000000001 -52.743950000000005 -9.6675 -18.3642 0 -1.791725 0 -0.629525 0 2.5462249999999997 0 0 0.471025 59.51037499999998 28.360899999999997 0.4957499999999999 35.06902500000001 18.941049999999905 55.185475 0.016224999999999712 21.134699999999953 -105.29042500000003 54.195749999999975 -0.9285000000000001 -56.739075000000014 -139.494 -129.20127499999998 -13.448425 -2.8136000000000005 -23.757775000000006 -6.691300000000001 -5.3481250000000005 0 0 0 0 0 0 0 0 0 21.185375 3.0748499999999996 0 8.673574999999998 62.88522499999999 67.0408 -0.1937 38.845775 -88.10449999999992 181.28409999999997 -3.422650000000001 -47.905950000000075
171.186725 163.920775 58.618424999999995 5.663875 35.219374999999985 253.8884 10.902774999999991 10.4533 -74.11122499999993 69.49014999999997 -51.9709 39.549275 -79.50932500000002 -72.4789 -10.565275 -12.768299999999996 -40.4854 -13.083575 -0.4578 -14.105775 -1.201725 -0.247975 0 -0.3052 0 0 0 0 147.95007500000003 168.70495 71.182225 10.6322 -85.65344999999999 89.21722500000001 -47.65367499999999 6.363049999999999 -35.303574999999995 3.005724999999984 -66.125275 60.060075 -2.2938000000000045 -27.992149999999995 -9.201975000000001 7.357274999999987 -62.11557499999998 -7.4983249999999995 -1.458775 -34.991975 -9.2302 -0.8924749999999999 -0.019075 -4.430250000000001 0 0 0 0 83.59142499999999 77.961975 -16.091549999999984 1.0638 -140.36385 -8.654849999999996 -108.22359999999998 0.63425 -41.085375 -0.7534500000000008 -46.08155 30.027625 33.54967500000001 1.3027500000000032 -3.6624249999999994 51.71765000000002 -56.24702500000001 -6.9678 -1.706775 -37.749149999999986 -28.370325 -3.3432499999999994 -0.012050000000000005 -23.727225 -0.8191250000000001 -0.247975 0 -0.70485 -85.63592500000001 -52.80687499999999 -103.4519 -1.0907499999999999 -112.82489999999999 -17.9712 -80.6098 0 -20.743524999999998 -0.1743999999999999 -13.521775 7.1588 51.850300000000004 9.172775 -0.5293000000000001 54.02162500000001 -0.229075000000023 5.437474999999999 -1.8816499999999998 6.074450000000013 -54.40710000000003 0.3740499999999969 -0.5134 -49.364000000000004 -10.440750000000001 -0.8718249999999994 -0.11445 -9.521925 -169.88355 -118.080275 -73.1117 -1.5433249999999998 -62.34119999999999 -11.381875 -32.431325 0 -6.29475 -0.247975 -2.079175 0.42369999999999997 21.945175 4.01545 -0.034449999999999995 20.187875 44.36042499999999 11.738150000000005 -0.19932499999999997 45.39160000000001 -28.57962500000002 19.586874999999992 -0.792875 -36.61872500000001 -32.878575 -2.1989249999999956 -0.2289 -30.213800000000006 -147.562625 -77.724725 -27.468625 -2.129625 -27.59605 -4.657500000000001 -8.2758 0 -0.7057749999999999 0 -0.247975 0 1.606275 0 0 0.561475 47.607125 7.344099999999999 0.11925 31.958475000000004 4.798950000000019 21.04202500000001 -0.07372500000000004 -3.5397000000000105 -57.882074999999986 25.019250000000028 -0.3815 -41.75842499999999 -90.411 -67.981225 -7.174075 -1.4964 -11.829725 -3.1636999999999995 -2.149375 0 0 0 0 0 0 0 0 0 25.812124999999998 1.4351500000000001 0 11.338925 56.77727500000002 55.044200000000004 -0.0763 29.786725000000004 -76.43049999999994 127.48089999999996 1.7826500000000003 -46.10405
118.954075 58.618424999999995 57.619975000000004 0.9221250000000001 71.045625 179.97180000000003 43.157425 12.844100000000001 -56.66057499999994 64.94405 -41.2943 46.427925 -78.59427500000004 -68.36529999999999 -10.674924999999998 -7.394100000000009 -42.4408 -12.859024999999997 -0.40559999999999996 -12.948424999999997 -1.104075 -0.227825 0 -0.2804 0 0 0 0 156.014525 65.39865 83.77257499999999 1.6744000000000003 -31.458150000000018 28.46757500000001 -8.501724999999993 6.372350000000001 -31.754025000000013 -7.6279249999999905 -58.069925 55.064524999999996 3.1624000000000194 -28.328049999999998 -6.890825 15.553924999999992 -59.043024999999986 -9.442274999999999 -1.3144250000000002 -30.060825 -9.365400000000001 -1.0043249999999997 -0.017525 -4.34675 0 0 0 0 126.90097500000005 57.830825000000004 33.03315000000002 -0.6574 -94.52895 -24.92595 -76.8072 0.38974999999999993 -45.60262499999999 -10.023150000000001 -41.52185 24.008375 34.24372499999998 -0.5607499999999987 -2.312975 53.901550000000015 -51.63217500000002 -6.000599999999995 -0.7204249999999996 -27.782049999999998 -30.381275000000002 -3.1427499999999995 -0.09035000000000001 -21.317575 -0.903875 -0.227825 0 -0.66595 -33.99747500000001 -14.603125000000006 -53.78129999999999 0.2897500000000002 -88.0323 -17.007400000000004 -64.7996 0 -22.097675 -1.4438000000000002 -12.255424999999999 4.6426 31.58810000000001 3.7074250000000006 0.2589 48.891375 -4.467525000000023 3.2743250000000046 0.015449999999999964 26.850149999999985 -50.436700000000016 -6.66065 -0.42179999999999984 -37.908 -10.97525 -3.7917749999999995 -0.10515 -8.614474999999999 -144.40085 -89.009925 -56.9409 0.3877250000000001 -51.3524 -9.193125 -27.423274999999997 0 -5.78325 -0.227825 -1.910225 -0.010099999999999998 11.782224999999999 1.5921500000000002 0.10485 13.675125000000001 30.123975 11.680049999999998 0.7307250000000003 46.843199999999996 -21.912374999999997 7.238125000000004 0.33987500000000015 -7.968074999999999 -41.10402499999999 -12.863474999999998 -0.1903 -24.117599999999996 -126.31837499999999 -68.380075 -22.005375 -2.0673749999999997 -24.113349999999997 -4.6325 -7.241599999999999 0 -0.6484249999999999 0 -0.227825 0 0.33192499999999997 0 0 0.05232499999999998 25.429875000000003 6.145699999999999 0.35475 20.316325000000003 3.721650000000011 13.402175000000007 0.231925 27.103099999999984 -68.098525 4.499750000000006 -0.3305 -12.369974999999982 -66.137 -57.310575 -5.762525 -1.4128 -10.675075 -2.9398999999999997 -2.0906249999999997 0 0 0 0 0 0 0 0 0 10.619875 1.1090499999999999 0 5.258475 21.608925000000013 18.0034 -0.0701 30.579075000000003 -82.97849999999994 63.449299999999994 2.6765500000000007 15.625650000000007
3.9236250000000004 5.663875 0.9221250000000001 0.419375 1.126875 5.452 -0.10612500000000002 0.4365 -0.716124999999999 0.87575 -0.9595 1.476375 -2.706625 -2.2095000000000002 -0.26137499999999997 -0.3114999999999999 -1.252 -0.26287499999999997 -0.009 -0.4388749999999999 -0.023625 -0.004875 0 -0.006 0 0 0 0 0.7503750000000002 3.52475 -0.293875 0.696 -0.8222499999999995 1.451125 -1.178375 0.52525 -0.04787499999999989 -0.581375 -1.326375 2.1503750000000004 -0.6740000000000004 -0.7307499999999998 -0.199875 1.0713749999999997 -2.0078749999999994 -0.18162499999999998 -0.028874999999999998 -0.7748749999999999 -0.23099999999999998 -0.027375 -0.000375 -0.10125 0 0 0 0 -0.8028749999999998 -1.6651249999999997 -1.3777499999999998 -0.036 -1.7442499999999996 -0.73925 -2.0429999999999997 -0.00375 -1.1968749999999997 -0.43225 -1.0027499999999998 0.878125 -0.3516250000000003 -0.2662500000000001 -0.08212499999999999 2.17825 -2.0351250000000003 -0.26399999999999996 -0.043875 0.18925000000000036 -0.781625 -0.16124999999999998 -0.00525 -0.356125 -0.020625 -0.004875 0 -0.014249999999999999 -1.499625 -2.3443750000000003 -1.7244999999999997 -0.07875 -0.8544999999999998 -0.426 -1.369 0 -0.492625 -0.056999999999999995 -0.268875 0.134 0.6915 0.018875000000000003 -0.0165 1.133125 -0.5753750000000002 -0.28762499999999996 -0.06825 0.9972500000000002 -1.4755 -0.41975 -0.027 -0.33000000000000007 -0.27874999999999994 -0.109125 -0.00225 -0.144625 -0.4477500000000001 -2.096375 -0.9185 -0.071625 -0.31100000000000017 -0.174375 -0.5166249999999999 0 -0.12374999999999999 -0.004875 -0.040875 -0.0015 0.24587499999999998 0.08725000000000001 -0.00225 0.3993749999999999 0.38712500000000016 0.06575000000000003 -0.026625 1.0480000000000005 -1.083125 0.08437500000000009 -0.039375 0.3463750000000001 -1.0378749999999999 -0.274625 -0.0045 -0.16399999999999992 2.176875000000001 -1.2436249999999998 -0.218125 -0.033124999999999995 -0.02024999999999999 -0.03249999999999999 -0.12399999999999999 0 -0.013875 0 -0.004875 0 -0.008625 0 0 -0.002625 0.5756249999999999 0.08049999999999999 -0.00375 0.7523750000000001 -0.3952499999999999 -0.08987499999999993 -0.008625 0.3414999999999999 -1.5103749999999998 0.2212500000000004 -0.0075 0.18287500000000056 3.79 2.3188750000000002 -0.010374999999999968 0.19799999999999998 0.29637500000000006 -0.013499999999999998 -0.026875 0 0 0 0 0 0 0 0 0 0.665625 -0.004249999999999999 0 0.189625 1.9463750000000002 1.206 -0.0015 0.3386250000000002 -1.3125 2.0245000000000006 -0.06174999999999997 -0.8152499999999998
252.23312499999997 35.219374999999985 71.045625 1.126875 965.2643749999997 506.9950000000001 172.18437500000005 50.3425 75.14437500000076 347.84375 -224.88249999999994 227.39687500000002 -685.3831249999998 -391.6075000000001 -118.466875 -84.31750000000011 -382.82500000000005 -96.40937499999998 -3.125 -125.544375 -12.438125000000001 -2.754375 0 -2.8099999999999996 0 0 0 0 455.431875 44.498750000000086 146.395625 0.040000000000000036 359.12874999999985 65.74562500000002 5.213124999999991 19.09125 -102.03437499999973 79.23812499999985 -326.546875 216.0168749999999 -42.24000000000024 -28.528749999999945 -68.75937500000002 131.6418749999998 -423.1243749999999 5.186874999999986 -8.924375000000001 -177.79437499999983 -75.915 -5.956875 -0.25687499999999996 -35.211250000000014 0 0 0 0 663.410625 119.83937499999979 98.43125000000032 -7.02 107.30875000000015 -73.94124999999997 -270.6149999999998 1.9962499999999999 -155.53937499999984 8.10874999999993 -264.73375 87.10562499999997 106.3618749999996 145.12374999999997 -24.035624999999996 219.86124999999993 -260.4056250000003 78.125 -1.9793749999999974 -71.71875 -198.55312500000002 -8.931249999999977 0.18874999999999975 -100.15562500000004 -4.3831250000000015 -2.8843750000000004 0 -6.051250000000001 509.6018749999994 77.64812500000016 -106.36249999999995 -14.403750000000002 -61.70749999999998 -49.92500000000001 -278.21500000000015 0 -94.03312499999998 -6.890000000000001 -85.51437499999999 9.454999999999998 90.00749999999994 65.359375 1.0625 121.08562500000005 -35.80687500000022 102.86187499999994 6.828749999999999 147.2862500000001 -223.44750000000022 -7.088750000000061 1.1850000000000023 -90.50000000000023 -63.76374999999999 -18.505624999999995 -0.62625 -34.39812500000002 232.8712499999997 -108.84687499999973 -159.80249999999978 -3.773124999999993 -59.46499999999992 -13.511875000000003 -125.91312499999992 0 -29.913749999999993 -1.9543750000000002 -16.249375000000004 0.21250000000000013 22.829375 12.64125 0.35375000000000023 22.126874999999984 52.985625000000255 52.59874999999994 3.791875000000001 132.24500000000012 -74.41062499999998 47.50187500000004 2.6131249999999966 82.2668749999998 -180.9443749999998 -54.04312500000003 -1.0625 -51.805000000000064 -26.890624999999545 -62.398124999999936 -84.79562500000003 -3.305624999999999 -42.536249999999995 4.087500000000006 -36.30499999999998 0 -5.024374999999999 0 -2.0093750000000004 0 0.4418749999999996 0 0 0.22187499999999982 16.92812499999991 13.402500000000003 0.9162499999999998 25.486875000000055 -4.081250000000182 38.395624999999995 0.8518749999999997 110.24249999999984 -165.12187499999982 35.14125000000013 -0.26750000000000096 21.1693750000004 -76.92999999999984 -105.395625 -29.716875 -2.145000000000003 -43.553124999999994 -7.262499999999996 -13.864374999999999 0 0 0 0 0 0 0 0 0 -2.491874999999993 2.263749999999998 0 -1.6468750000000014 3.731875000000173 5.899999999999977 0.37250000000000005 21.08312500000011 -78.40249999999833 67.50749999999971 -0.5187500000000114 92.29874999999993
514.2466000000001 253.8884 179.97180000000003 5.452 506.9950000000001 878.2204 123.58039999999994 47.189800000000005 -214.9735999999998 426.4334000000001 -232.85039999999992 171.54940000000005 -387.4022 -298.04340000000013 -62.7104 -75.9348 -228.62740000000002 -64.12020000000001 -1.9517999999999998 -77.9934 -6.3816 -1.4066 0 -1.7362000000000002 0 0 0 0 703.3892000000001 341.6672 316.53460000000007 9.2682 -28.06820000000016 262.3396 -82.21580000000006 22.750799999999998 -200.48520000000008 92.18059999999991 -323.53540000000004 202.01919999999996 21.157199999999875 -62.080400000000054 -42.0706 47.20739999999978 -291.34219999999993 -15.391199999999998 -6.2814000000000005 -155.8256 -47.25620000000001 -3.733599999999999 -0.13820000000000002 -23.614 0 0 0 0 725.8048000000001 387.7005999999999 121.92820000000017 -0.9271999999999991 -335.03060000000005 -35.65159999999997 -396.26159999999993 2.053 -238.45100000000002 -4.168200000000013 -243.49679999999995 91.452 159.1368 57.56899999999996 -16.250799999999998 180.4534000000001 -200.42840000000024 14.428200000000004 -3.5843999999999987 -140.05739999999992 -141.03820000000002 -7.991999999999997 0.3101999999999998 -100.69960000000003 -2.836000000000001 -1.4316000000000002 0 -4.0416 98.28319999999985 -1.3699999999998909 -283.88639999999987 -4.302000000000003 -364.75440000000015 -67.29220000000001 -356.83380000000005 0 -121.87740000000001 -2.9314 -76.7594 17.227800000000002 160.47180000000003 47.08039999999998 -0.050799999999999734 165.421 0.9067999999999756 58.06360000000001 1.5875999999999983 73.37919999999986 -207.23260000000016 0.8117999999999768 0.9695999999999998 -172.77400000000011 -46.357 -8.912199999999999 -0.5091999999999999 -40.1128 -374.7638000000002 -377.2554 -285.57520000000005 -0.8612000000000002 -223.14219999999995 -39.235 -157.51919999999998 0 -35.491 -1.2666000000000002 -12.948800000000002 0.7672 58.3648 16.1202 0.3658000000000001 48.666 134.72379999999998 62.371399999999994 4.402800000000001 159.1096 -81.24400000000014 85.06 3.1689999999999987 -73.12860000000023 -145.6952 -9.269799999999975 -0.8633999999999998 -112.14280000000002 -449.427 -284.1346 -121.49800000000002 -8.284000000000002 -107.2688 -14.145 -43.89979999999999 0 -4.3634 0 -1.7066000000000001 0 4.291399999999999 0 0 1.0926 105.75899999999996 31.139599999999994 1.3129999999999997 67.42960000000002 40.04119999999989 94.53839999999997 0.7463999999999995 41.95679999999993 -201.46620000000007 95.62800000000016 -1.6990000000000003 -108.29680000000008 -288.391 -252.9436 -33.5232 -4.813400000000003 -55.4296 -13.537199999999999 -12.509999999999998 0 0 0 0 0 0 0 0 0 37.944 4.843400000000001 0 16.649799999999995 110.92739999999992 112.7552 -0.39280000000000004 66.85659999999996 -163.24299999999948 338.5054 1.6133999999999986 -81.60180000000014
52.62972499999998 10.902774999999991 43.157425 -0.10612500000000002 172.18437500000005 123.58039999999994 151.39477500000004 5.952300000000001 -5.364224999999806 131.19215000000008 2.262100000000032 91.62127500000003 -129.2603250000002 -111.55090000000007 -33.207274999999996 25.162699999999973 -109.09240000000003 -34.56957499999999 -1.0968 -31.407774999999987 -3.609725 -0.9009750000000001 0 -0.7162000000000001 0 0 0 0 143.13107499999995 32.51095000000001 119.71522499999998 -0.3118000000000001 64.25054999999975 -2.879774999999995 103.23232499999995 2.742049999999999 -61.85957499999995 -33.87127500000008 -75.35227500000002 78.46607499999996 41.422199999999975 -72.48915 -21.209975000000004 84.03427499999998 -116.94157499999994 -19.574325 -3.325775 -43.90497499999998 -25.251200000000004 -2.8004750000000005 -0.08507500000000001 -12.165250000000002 0 0 0 0 175.00542500000006 62.654975000000036 156.22445000000005 1.6527999999999992 -82.58685000000003 -52.262850000000014 -46.87659999999994 -0.2157500000000001 -118.33537499999994 -46.109450000000024 -91.28555 21.077624999999998 63.053674999999885 -18.897250000000014 -8.156425000000002 109.24964999999997 -75.2190250000001 -17.2568 -0.7737750000000005 -5.291149999999902 -74.49132500000002 -13.003250000000001 -0.20105000000000017 -39.345225 -2.7791250000000005 -0.945975 0 -2.0828500000000005 46.55007499999988 40.968124999999986 22.24610000000007 6.44425 -142.54690000000005 -33.547200000000004 -105.90380000000005 0 -69.84052500000001 -6.416400000000001 -35.428774999999995 1.0328 28.209299999999985 -8.805225000000007 1.0617 64.82162499999998 5.449924999999894 -14.399525000000011 4.3363499999999995 102.99045000000001 -109.16010000000017 -32.716950000000026 -0.045399999999999885 -35.10400000000004 -30.85575 -11.377824999999998 -0.24545 -16.055925000000002 -175.1675499999999 -68.78727500000002 -83.45770000000005 3.685675 -108.02720000000005 -17.691875000000003 -66.297325 0 -19.12475 -0.6709750000000001 -7.1681750000000015 -0.02030000000000004 7.269174999999997 -2.2985500000000005 0.38954999999999995 14.217875 36.11942500000009 -5.659850000000006 2.6746750000000006 93.96460000000002 -45.649625000000015 -21.478124999999977 1.6521249999999998 57.333274999999844 -107.29457500000001 -47.76792500000002 -0.29590000000000005 -28.587800000000016 -264.92262500000004 -123.46772500000003 -51.803625 -2.779625000000001 -67.08005 -11.607500000000002 -20.159799999999997 0 -2.317775 0 -0.8259750000000001 0 0.5332750000000002 0 0 0.124475 20.047124999999966 -2.627900000000004 0.7592499999999999 33.006474999999995 -15.955050000000028 -14.000974999999983 0.7782749999999998 102.98929999999984 -163.48807499999998 -36.83574999999996 0.16349999999999976 37.31757500000003 -165.111 -151.469225 -16.230075000000003 -3.8684000000000003 -34.94272500000001 -9.869699999999998 -7.184375 0 0 0 0 0 0 0 0 0 4.112124999999999 0.6521499999999993 0 5.0779250000000005 2.1092749999999114 -7.454800000000006 -0.06030000000000002 62.07972500000005 -182.95049999999992 23.35290000000009 4.29965 121.71694999999977
38.0317 10.4533 12.844100000000001 0.4365 50.3425 47.189800000000005 5.952300000000001 10.307599999999999 -14.340699999999984 -3.8991999999999933 -18.4498 18.3953 -55.533899999999996 -34.0708 -3.8122999999999996 -13.722599999999998 -18.9588 -4.4899 -0.12159999999999997 -6.6083 -0.3717 -0.0767 0 -0.0944 0 0 0 0 44.737899999999996 10.466400000000002 13.732700000000001 0.5584 1.5965999999999951 11.3827 -9.642099999999992 4.3146 -4.549899999999994 4.0197 -21.502299999999998 24.807900000000004 -13.008599999999994 -5.169799999999995 -2.1346999999999996 0.8613 -30.898899999999998 -2.3468999999999998 -0.43429999999999996 -15.879699999999998 -3.4943999999999997 -0.35069999999999996 -0.0059 -1.4929999999999999 0 0 0 0 46.9601 12.109700000000004 4.848400000000005 -0.5663999999999999 -10.037199999999991 -5.514199999999997 -25.679199999999994 0.336 -9.0445 3.156599999999999 -13.551599999999999 13.1265 9.4741 10.172999999999998 -0.2720999999999998 20.300800000000002 -29.318299999999994 1.658400000000002 -0.010299999999999865 -14.508799999999994 -13.2009 -1.4689999999999994 -0.0826 -7.3577 -0.3245 -0.0767 0 -0.22419999999999998 11.140900000000002 -1.6274999999999977 -16.711799999999993 -1.109 -9.897799999999997 -4.0664 -19.0806 0 -4.411299999999999 0.2482000000000001 -3.8952999999999998 2.1336000000000004 14.401600000000006 6.737299999999999 0.3504 18.4095 -8.905900000000003 6.305700000000002 0.12619999999999987 10.37040000000001 -22.461199999999998 -1.7034000000000011 -0.2647999999999999 -12.347999999999995 -4.124 -0.9488999999999999 -0.035399999999999994 -2.6511 -15.905599999999993 -24.157299999999996 -15.0724 -0.8168999999999997 -2.4064000000000014 -1.6925 -6.887899999999999 0 -1.5469999999999997 -0.0767 -0.6431 -0.0236 4.8100999999999985 2.0574000000000003 0.06460000000000002 4.5845 7.568100000000008 8.0518 0.3611000000000001 17.765200000000007 -14.905499999999996 2.797500000000003 0.2005 3.2793000000000063 -15.2249 -3.6350999999999996 -0.07079999999999999 -5.063599999999997 -4.351499999999994 -10.162699999999997 -3.7284999999999995 -0.7604999999999998 1.5244000000000018 0.10000000000000009 -1.5425999999999995 0 -0.2183 0 -0.0767 0 0.014300000000000007 0 0 -0.0013000000000000025 4.230499999999999 2.8452 0.181 6.102700000000002 -3.8455999999999975 4.0383 0.1043 13.971599999999995 -21.451899999999995 2.226000000000006 -0.118 1.8309000000000069 13.758 2.6143000000000036 0.06410000000000027 -0.1008 1.4223000000000008 0.21360000000000023 -0.43749999999999994 0 0 0 0 0 0 0 0 0 1.2805000000000002 0.27080000000000004 0 0.5951 2.0663000000000054 1.3824000000000005 -0.0236 7.221700000000002 -19.190999999999974 4.1148000000000025 0.9908000000000001 10.91340000000001
-177.346275 -74.11122499999993 -56.66057499999994 -0.716124999999999 75.14437500000076 -214.9735999999998 -5.364224999999806 -14.340699999999984 594.6867750000001 -101.62684999999874 31.15610000000015 68.76727500000015 -42.268325000000004 -177.5618999999997 -37.53827499999994 29.910699999999906 -234.0734 -60.342574999999954 -0.32379999999999853 -68.79877499999986 -9.823725 -1.7249749999999997 0 -2.3141999999999996 0 0 0 0 -208.8659249999996 -91.91104999999993 -98.69577499999991 -1.633799999999999 192.75255000000016 -87.97577499999989 36.49032500000021 -7.215949999999999 238.99742500000048 -68.05227500000001 15.52172500000006 6.694075000000112 111.79020000000037 2.759849999999915 -15.128974999999997 88.40027499999997 -166.74957499999937 4.272675000000049 1.9832250000000045 -47.97897499999954 -53.61919999999998 -3.5244749999999954 0.011925000000000019 -19.81025000000001 0 0 0 0 -192.20757499999945 -142.6160249999998 -51.80754999999999 -13.395199999999996 226.79915000000074 -26.30684999999994 62.20440000000053 -1.1207500000000006 122.7296250000004 -22.817450000000008 -5.89754999999991 -10.257375000000025 43.155674999999974 28.742750000000115 -1.908424999999994 52.725650000000314 -47.460025000000314 50.53620000000012 9.610225000000014 43.52285000000029 -109.65932499999985 -3.6082499999999698 1.04195 -35.21922500000005 -5.699125000000002 -1.4899749999999994 0 -2.796849999999999 1.0080749999997352 -40.90687499999967 70.0301000000004 -18.76075 176.8371000000002 8.27979999999991 76.1591999999996 0 46.43847500000004 -0.3323999999999927 4.530224999999973 -3.505199999999995 -17.83869999999979 13.225774999999999 3.2647000000000013 -13.81837500000006 30.28192500000023 43.81447500000013 19.58035000000001 64.17845000000034 -71.74410000000034 -9.464950000000044 6.403600000000004 8.93100000000004 -36.250749999999925 -19.140824999999978 0.14654999999999996 -11.507925 161.0954499999998 132.92672500000026 101.66430000000037 -11.907325 88.96980000000008 11.648124999999993 46.079675000000066 0 11.850250000000017 -0.3449749999999998 1.9748250000000027 0.047700000000000076 -15.643824999999993 -2.030549999999991 0.4115500000000001 -11.667124999999999 -40.04357499999969 5.5461500000000115 5.021675000000002 13.048600000000533 13.790374999999585 7.421875 4.767125 107.72427499999958 -79.39757499999996 -48.459924999999885 0.45310000000000006 9.190200000000004 210.4173750000009 102.66327500000034 37.806375 -0.43462499999999693 44.082950000000096 7.522500000000008 12.083200000000033 0 -0.40877499999999856 0 0.665025 0 -1.1707249999999991 0 0 -0.14152500000000012 -53.71787500000005 -5.663899999999984 -0.1457500000000005 -21.849524999999858 6.16294999999991 14.37502500000005 1.6792750000000005 39.45629999999983 -20.87107499999911 -20.73074999999926 1.5234999999999985 67.41557499999999 124.83400000000029 125.8867750000004 6.741925000000009 0.7905999999999977 8.653275000000008 3.6073000000000093 2.850625000000001 0 0 0 0 0 0 0 0 0 -18.60787499999998 -0.13684999999999903 0 -12.755075000000005 -62.419724999999744 -32.95179999999982 1.3477 -53.17627499999958 70.20450000000346 -80.01609999999891 -4.604349999999954 90.38494999999966
160.21484999999996 69.49014999999997 64.94405 0.87575 347.84375 426.4334000000001 131.19215000000008 -3.8991999999999933 -101.62684999999874 686.4139000000005 -83.33839999999987 17.171149999999898 13.382550000000265 128.05359999999973 -49.95214999999999 27.529199999999946 -68.59539999999993 -29.957949999999983 -0.7077999999999989 -13.625149999999962 -4.884849999999997 -1.4573500000000004 0 -1.0751999999999997 0 0 0 0 338.66695000000004 151.56370000000004 180.31785000000002 0.9072000000000013 164.5553 122.04285000000004 68.48945000000049 0.7643000000000058 -155.5579499999999 51.58885000000009 -169.86214999999993 -1.638050000000021 139.4412000000002 -5.2409000000000106 -38.64635000000001 48.7191499999999 12.965050000000247 6.67855000000003 -2.1031499999999994 -4.881349999999884 -16.170200000000023 -1.8093499999999985 -0.19094999999999998 -13.941500000000005 0 0 0 0 464.91705 240.5963499999998 141.82470000000012 1.5888000000000062 -118.29509999999982 -22.84109999999987 -177.01859999999988 -0.9344999999999999 -257.5647499999998 -73.1047000000001 -188.49529999999982 -27.516750000000002 45.24155000000019 -41.96850000000006 -20.93804999999999 -20.466100000000097 94.48735000000033 -3.2427999999999884 -0.07114999999999583 -5.412899999999809 -27.83344999999997 1.1955000000000382 0.5516999999999994 -33.617849999999976 -0.21724999999999994 -1.5623500000000003 0 -4.1511 242.0259500000002 37.25624999999991 -77.11940000000004 -0.014499999999998181 -230.4373999999998 -42.6112 -230.25479999999993 0 -135.30664999999993 -12.949399999999997 -70.92114999999998 -5.146199999999993 5.05780000000027 -15.437849999999997 -0.6967999999999996 -18.79275000000007 81.7190499999997 -12.265649999999937 3.457099999999997 12.620700000000397 -0.28960000000006403 -13.834700000000112 3.3366000000000007 -34.414000000000215 -19.18950000000001 -3.432450000000003 0.1193000000000004 -20.32005000000001 -67.47230000000036 -125.84214999999949 -162.3542 4.1985500000000116 -175.58119999999985 -24.07374999999999 -129.92944999999997 0 -42.008499999999984 -0.9773500000000004 -16.393550000000005 -0.06379999999999986 -0.7204499999999996 -3.2132999999999967 0.23430000000000017 -1.0252499999999998 45.14105000000018 -10.283100000000047 4.44755 -1.2533999999996013 59.34975000000031 32.41874999999982 6.485250000000001 -38.616849999999886 -35.822949999999764 -0.5170499999999265 0.10860000000000092 -59.14379999999983 -341.5282499999994 -147.66785000000004 -101.76425 -2.4652499999999975 -116.91729999999995 -11.274999999999991 -44.09079999999997 0 -6.095149999999999 0 -2.61235 0 0.9231499999999997 0 0 -0.3016500000000004 32.63525000000004 5.261599999999987 1.1704999999999997 -4.1946499999999105 67.2777000000001 27.947650000000067 1.0531500000000005 -26.76220000000012 -24.638949999999568 69.98550000000023 0.17600000000000016 -93.8440499999997 -321.23099999999977 -263.74684999999977 -40.18094999999998 -3.9614000000000047 -75.47285 -16.876199999999997 -17.323749999999997 0 0 0 0 0 0 0 0 0 14.370250000000013 1.1588999999999992 0 3.1520500000000027 55.32915000000048 44.16919999999993 -0.4438 2.3448500000001786 -23.542999999997846 215.01840000000084 -10.046099999999996 -91.21530000000075
-136.1841 -51.9709 -41.2943 -0.9595 -224.88249999999994 -232.85039999999992 2.262100000000032 -18.4498 31.15610000000015 -83.33839999999987 134.2604 -45.816899999999976 198.14969999999994 112.63839999999993 31.302900000000008 61.97980000000007 90.63740000000001 13.767700000000005 1.1218000000000004 34.50090000000003 1.0191 0.21909999999999985 0 0.6762000000000001 0 0 0 0 -186.9817 -55.01219999999998 -46.3921 -1.5781999999999996 -23.036800000000085 -59.46709999999996 81.8583000000001 -7.3557999999999995 49.71270000000004 -74.10810000000004 117.96790000000004 -62.8167 53.37779999999998 -26.45459999999997 14.583099999999995 4.195099999999911 114.88470000000007 -10.046300000000002 3.2889 55.40810000000005 11.57119999999999 0.8511000000000006 0.03570000000000001 5.793999999999997 0 0 0 0 -215.8823 -61.03309999999999 36.50680000000011 2.4072000000000013 8.41560000000004 2.0065999999999917 135.48660000000007 -0.963 6.508500000000026 -30.886800000000022 54.976800000000026 -35.54950000000001 -26.299300000000017 -64.28399999999999 3.363299999999999 -52.22339999999997 87.67590000000018 -30.958199999999977 1.8269000000000002 40.93240000000003 32.82069999999999 -3.9179999999999993 -0.02520000000000011 23.167100000000005 -0.32150000000000034 0.47909999999999986 0 1.4165999999999999 -116.71569999999997 15.207499999999982 110.18140000000005 5.327000000000002 13.46939999999995 9.222200000000015 78.07879999999994 0 -0.02009999999998513 -0.5736000000000008 10.60690000000001 -5.962799999999999 -37.41179999999997 -27.2879 0.6058000000000003 -41.85849999999999 20.775699999999915 -43.99109999999999 3.497399999999999 -2.1592000000000553 33.55259999999987 -16.011799999999994 0.6504000000000003 41.48900000000003 6.412000000000006 1.6497000000000028 0.31420000000000003 6.3703 -50.79119999999989 63.052900000000136 57.17520000000002 -0.5462999999999987 -1.1978000000000293 1.9975000000000023 18.246700000000004 0 0.6260000000000048 0.04909999999999992 1.3012999999999995 -0.17720000000000002 -12.9923 -6.225199999999998 0.29920000000000013 -10.573500000000003 -24.146299999999997 -30.501400000000004 0.9597000000000007 -19.774599999999964 14.791499999999814 -38.97750000000002 0.5785 31.336099999999988 17.352700000000027 -9.122700000000009 0.4984000000000002 15.882799999999975 -23.930499999999938 8.237100000000055 14.450500000000005 0.19650000000000034 -5.2012 -4.619999999999997 3.6898000000000053 0 0.6059000000000001 0 0.30909999999999993 0 -0.5289000000000001 0 0 -0.17010000000000003 -17.446499999999986 -10.854599999999998 -0.1429999999999999 -5.63209999999998 -11.161200000000008 -35.61589999999998 0.11609999999999987 17.633199999999988 -0.9512999999999465 -50.06799999999987 0.649 36.13930000000005 -6.418999999999983 0.3361000000000445 4.345700000000008 -0.5916000000000015 3.2520999999999987 -1.367799999999999 0.9625000000000004 0 0 0 0 0 0 0 0 0 -6.136499999999998 -0.7334 0 -0.8873000000000015 -23.199899999999957 -27.920200000000023 0.022799999999999987 9.24090000000001 -38.38699999999926 -70.71039999999994 -0.00840000000000174 62.90179999999987
99.27822499999999 39.549275 46.427925 1.476375 227.39687500000002 171.54940000000005 91.62127500000003 18.3953 68.76727500000015 17.171149999999898 -45.816899999999976 148.51777500000003 -237.67982500000005 -243.5749 -35.253775 14.1447 -171.09140000000002 -47.32407499999999 -1.0397999999999996 -54.03427499999999 -4.863224999999999 -1.004475 0 -1.2331999999999999 0 0 0 0 143.11557500000004 30.09295000000003 91.378725 2.2652 62.98355000000004 0.7587249999999699 44.691824999999994 8.750049999999998 -4.409074999999916 -41.18777499999999 -92.35877499999998 125.17557500000001 14.119199999999978 -76.60814999999997 -17.583475 110.82077500000003 -202.90107499999993 -23.148825000000002 -2.412275 -74.58347499999996 -37.318200000000004 -3.9289749999999994 -0.05957499999999999 -15.81525 0 0 0 0 144.36592500000006 38.288475000000005 97.8714500000001 -4.5291999999999994 -41.527849999999944 -55.29884999999999 -66.59759999999994 0.8592500000000001 -68.62787499999996 -33.626450000000006 -85.99854999999997 46.775125 62.44417499999997 3.272750000000002 -4.361924999999998 155.82365000000004 -150.19552499999998 -6.004799999999989 1.734725000000001 -1.1101499999998623 -109.93582500000001 -14.528249999999993 0.19094999999999995 -49.96872499999999 -3.7616249999999996 -0.994475 0 -2.52885 -2.665424999999914 14.290625000000091 -2.4628999999999905 -5.99075 -86.78589999999997 -28.97919999999999 -89.27679999999998 0 -42.512024999999994 -4.4254 -28.865274999999993 6.045800000000002 40.96230000000003 10.091275000000003 1.7387000000000006 91.36912500000003 -22.819574999999986 12.383974999999992 6.597349999999999 124.02745000000004 -150.19610000000006 -26.713949999999997 0.8806000000000012 -42.44400000000002 -38.350749999999984 -15.772324999999999 -0.28744999999999993 -19.171425 -139.8705500000001 -76.75877500000001 -53.36970000000002 -2.998825 -70.8392 -11.394374999999997 -45.14682499999998 0 -11.954749999999997 -0.864475 -4.968674999999999 0.06170000000000003 13.494675 2.788450000000001 0.24755000000000005 18.040374999999997 27.17992500000014 12.584150000000008 1.7051750000000014 108.77060000000006 -63.81712500000003 -10.940625000000011 0.45462500000000006 83.629775 -127.01907499999999 -52.773425 -0.07489999999999986 -27.360799999999983 -149.57012499999985 -85.17122499999999 -31.396124999999998 -3.862124999999999 -41.463049999999996 -7.297499999999999 -13.957799999999995 0 -1.979275 0 -0.529475 0 0.25977499999999987 0 0 0.16297499999999998 14.89462499999999 1.4981000000000009 0.18925000000000003 33.709975000000014 -28.80804999999998 1.3755250000000387 0.47477500000000017 107.54229999999995 -168.50757499999997 -25.74574999999993 -0.13649999999999984 57.67207500000006 -99.38599999999997 -83.37272499999995 -12.339574999999996 -2.1424000000000003 -23.301224999999995 -7.101699999999999 -5.171874999999998 0 0 0 0 0 0 0 0 0 4.439625000000003 0.50115 0 4.093425000000002 -10.214224999999999 -5.902799999999985 0.021700000000000053 48.92322500000006 -142.49049999999988 4.5569000000000415 4.12865 130.85394999999994
-256.9931750000001 -79.50932500000002 -78.59427500000004 -2.706625 -685.3831249999998 -387.4022 -129.2603250000002 -55.533899999999996 -42.268325000000004 13.382550000000265 198.14969999999994 -237.67982500000005 848.0689749999992 444.74869999999964 104.342825 111.24890000000005 317.7482 60.021725 3.3523999999999994 103.97932499999996 2.5131750000000004 2.131925 0 0.4516 0 0 0 0 -362.971225 -14.620850000000019 -99.39467499999989 -3.8175999999999997 -188.05865000000085 -40.7646749999999 22.26002500000004 -22.158150000000006 92.79172499999959 -78.97017500000038 253.33782499999984 -252.68622500000004 161.1203999999998 28.75845000000004 56.26892499999997 -96.34382500000038 434.11272499999995 10.945974999999976 10.683324999999996 185.81392499999993 43.701599999999985 4.2804249999999975 0.308225 21.115749999999977 0 0 0 0 -485.90827500000023 0.8010749999998552 -53.9713499999998 10.8296 -71.82545000000027 80.92254999999989 209.1637999999998 -2.8127500000000003 69.64612500000021 -29.20365000000004 176.7386499999999 -121.452875 -97.55802500000073 -144.58325000000002 15.511274999999998 -262.8649499999997 352.4880749999993 -64.59760000000006 5.687325000000001 100.29444999999987 157.31697499999996 10.069749999999999 0.3551499999999992 81.33467499999995 3.212374999999998 1.751924999999999 0 2.567549999999999 -379.79322500000035 -73.68437500000027 87.67270000000008 8.717249999999993 25.211699999999837 40.19959999999992 193.45839999999976 0 54.62757499999998 4.535199999999996 55.90232499999996 -17.5304 -116.05989999999997 -73.76032500000002 -0.703100000000001 -172.45487500000013 88.03822500000024 -102.77042500000005 0.21195000000000164 -127.85935000000018 234.81429999999955 2.8838499999999385 2.117199999999997 108.46199999999999 47.08224999999999 12.256474999999995 0.9793500000000002 22.63477499999999 -118.63535000000047 64.19782499999974 124.4210999999998 -4.089024999999992 32.31459999999993 7.800624999999997 85.87997500000006 0 19.54425000000002 1.4519249999999992 9.771524999999997 -0.4071 -39.88952500000002 -16.60235 0.1793499999999999 -37.08362500000001 -61.16027500000018 -71.38645000000002 1.238975 -159.36279999999988 137.33387500000026 -45.215625000000045 4.153624999999998 -60.46082500000057 155.3367249999999 44.18577499999992 1.6437 35.490400000000136 20.73287500000015 75.84717499999988 60.62587499999995 0.3288749999999965 16.872150000000033 -1.6875 23.851400000000012 0 3.5193249999999985 0 0.5819249999999991 0 -1.5508250000000015 0 0 -0.8024250000000006 -37.42637500000001 -17.1353 -0.17275000000000018 -50.728425000000016 50.0021499999998 -26.913074999999935 0.2991749999999982 -119.84490000000051 189.10722499999974 -10.967749999999796 -0.1405000000000003 -48.610725 -27.026999999999816 52.56167500000015 15.513225000000006 0.6961999999999904 11.637175000000013 2.427099999999996 7.888124999999995 0 0 0 0 0 0 0 0 0 -6.911375000000007 -1.7824500000000008 0 -4.670775000000006 -12.503825000000234 -9.773600000000101 -0.46710000000000007 -54.57317499999999 165.5614999999998 -8.044700000000375 -15.43995000000001 -102.97385000000122
