6134.438975000005 1051.1997499999998 47.69327500000003 132.14814999999976 73.48422500000015 -1279.7685000000001 -84.30942499999998 -262.1729 -2884.7999249999993 -1193.6411499999997 -115.91677499999997 -429.0245499999999 -1933.4994749999998 -418.49165 -77.871375 -259.99769999999995 -147.4279 -25.727774999999994 -2.3603249999999996 -18.592599999999997 0 0 0 0 0 0 0 0 4288.412225000004 149.87442499999997 25.697625000000016 103.51507500000002 263.4157749999995 -162.6981249999999 -74.20962499999996 -4.478225000000009 -2300.7733 -145.97714999999994 -79.96545 -80.86774999999999 -1804.7225 -30.260075 -42.93294999999999 -82.75912499999998 -191.37215 -3.4774250000000007 -3.933875 -2.8571 0 0 0 0 5.357400000000002 3.1251499999999997 0.8929 0 3899.4017249999997 116.0764750000003 -17.787674999999922 106.49562500000002 390.82744999999886 -15.876999999999953 -71.17190000000002 44.41020000000003 -2139.327299999999 -114.79145 -81.7919 -38.79900000000001 -1797.5222249999997 -44.32880000000001 -68.99007499999999 -35.35585 -187.77215 -3.4774250000000007 -3.643875 0 1.5625749999999998 2.949025 1.7858 0 23.49669999999999 39.68990000000001 18.7551 0 3354.039475000005 204.10365000000047 -31.490049999999997 184.239825 537.1088500000005 94.40047500000014 -31.42070000000001 89.23722499999997 -1987.2679999999996 -108.92062500000003 -74.15285 -59.10042499999997 -1697.2458 -51.89465 -53.62102499999999 -69.44977499999999 -146.74517499999996 -7.4137249999999995 -1.3055000000000003 -4.9742 37.51942500000001 30.596525 26.66765000000001 0 230.80550000000005 348.345225 165.53010000000006 -5.581325 2614.3463250000004 456.44514999999956 -9.041975000000008 263.803 699.4394500000017 241.37937499999998 -3.663800000000009 220.9849250000002 -1691.7405999999992 -59.35369999999989 -43.744575 -63.254324999999994 -1691.286575 -75.61747500000001 -35.343925 -134.18852499999994 -194.46154999999993 65.08019999999999 46.573225000000036 -20.870524999999997 147.46444999999994 314.4331749999999 196.10792500000002 0 677.4355750000004 920.3778000000002 514.6621500000001 -3.9483249999999828 1721.6656000000003 438.75507500000003 -3.749224999999999 276.6128500000002 879.0962000000009 504.10507499999994 2.621600000000001 376.77537500000017 -1153.0891999999994 387.98907500000087 3.683675000000001 9.515899999999874 -1635.3621249999997 417.2631000000001 52.78860000000003 -292.68337499999984 -143.17917499999976 539.1080000000002 227.78127500000005 -97.51884999999999 280.4180500000002 709.4517500000002 357.4770000000003 -12.41715 830.2206250000008 1135.170075 477.8140249999997 -2.851524999999995 975.7978999999996 547.5556750000005 0.38644999999999996 238.60112500000014 940.7693500000005 1569.5680499999999 2.4407999999999994 587.9184 -331.0539999999992 2672.009750000001 52.80467500000003 4.491925000000265 -1420.8220249999995 1995.7240000000056 138.99360000000024 -891.549325 -336.5855499999998 1037.0292750000008 238.03537499999993 -393.12440000000004 503.3728250000004 906.7826250000035 267.6499250000006 -76.06957500000004 581.0317000000005 267.8663250000027 111.40917500000069 -67.31874999999997
1051.1997499999998 6474.107499999998 -35.88224999999994 643.8164999999999 266.8572499999991 1320.1699999999992 -92.44925 441.99599999999987 -1188.9692499999996 -111.08650000000011 -96.08774999999999 -91.38049999999998 -1304.9797499999997 -191.81150000000002 -60.808749999999996 -176.952 -100.69899999999998 -8.047749999999997 -1.89825 -13.701 0 0 0 0 0 0 0 0 106.13724999999977 118.79424999999992 -94.91375 79.06574999999998 933.2827500000003 226.64374999999995 -92.26625 151.36774999999997 -23.44800000000032 131.94850000000002 -54.194500000000005 54.4075 -1006.67 33.799249999999994 -32.814499999999995 -45.17125 -88.3715 5.965749999999999 -3.1637500000000003 -1.046 0 0 0 0 7.134 4.161499999999998 1.189 0 -408.4127500000013 -339.61024999999995 -90.78175000000002 2.2162500000000023 1211.4844999999996 80.70499999999993 -54.998999999999995 78.72699999999998 384.6419999999998 39.140499999999975 -40.879000000000005 33.349999999999994 -889.8072499999998 32.05699999999999 -36.335750000000004 -18.0635 -88.77149999999999 5.965749999999999 -1.6787500000000002 0 2.080749999999999 0.8952499999999999 2.378 0 23.427 15.079000000000008 19.671000000000006 0 -538.3102500000005 -465.6534999999999 -85.99049999999997 -52.60674999999992 1123.6284999999998 85.68475000000012 -13.496999999999986 44.782249999999976 532.8100000000004 60.59375000000006 -31.5785 52.08575000000002 -748.1330000000002 35.5985 -34.48025 -23.367749999999994 -82.98675 15.967749999999999 1.8499999999999996 -0.657 9.074250000000006 11.930250000000001 17.581500000000005 0 57.27499999999998 79.80224999999984 41.20100000000002 18.216749999999998 -566.5017499999994 -555.8235 -47.78975000000001 -117.98000000000002 892.7495000000008 119.26375000000007 -9.528000000000006 46.814250000000015 509.6989999999996 136.35300000000007 -26.790750000000003 113.69674999999995 -574.23575 47.685249999999996 -29.829250000000002 -14.475249999999988 -66.4305 5.576999999999998 13.647250000000028 -5.180249999999997 36.00450000000001 -33.89824999999996 13.859249999999975 0 316.9457500000003 -60.777000000000044 48.18149999999969 25.631749999999997 -542.1989999999996 -492.30425000000014 -2.902250000000002 -145.4514999999999 448.5619999999999 86.9357500000001 1.1809999999999992 -48.02624999999989 491.15300000000025 192.97575000000006 -6.113250000000001 167.75900000000001 -472.66624999999976 149.8510000000001 -20.19399999999999 49.51125000000002 -91.88674999999989 72.26000000000022 -6.857249999999908 10.206499999999977 89.01050000000009 77.67750000000069 32.9050000000002 8.4835 379.43124999999964 308.44075000000066 193.32024999999976 4.619750000000003 -348.1310000000003 -358.73324999999977 0.8444999999999998 -109.47874999999999 104.64850000000024 -486.9245000000001 0.9479999999999995 -207.82600000000002 606.7000000000007 -205.77249999999913 -13.48824999999998 39.47425000000021 -529.45525 444.4850000000006 -108.32399999999996 -30.363250000000335 -479.5005000000001 1303.7877499999995 -30.491250000000036 -29.32899999999995 132.01825000000008 1741.9462500000009 310.08925000000045 62.17424999999997 596.1319999999996 1806.93325 543.1667500000003 74.02249999999998
47.69327500000003 -35.88224999999994 27.741975000000004 -9.676650000000002 19.370525000000015 -0.7865000000000038 5.242674999999999 -5.706099999999999 -36.41682499999999 -10.395350000000004 0.19652500000000028 -6.485949999999998 -30.562775 -4.874849999999999 -0.8648749999999998 -4.279299999999999 -2.2011 0.04752500000000004 -0.040424999999999996 -0.32339999999999997 0 0 0 0 0 0 0 0 77.487525 17.07732500000001 7.031125 -0.9168250000000002 -5.020524999999992 -3.8456249999999983 1.8308749999999998 -3.176525 -39.8147 -4.08935 -0.4040499999999998 -2.5797499999999998 -31.8425 -1.138175 -0.6565499999999999 -1.5496249999999998 -3.58435 -0.094325 -0.067375 -0.053899999999999997 0 0 0 0 -0.32339999999999997 -0.18865 -0.053899999999999997 0 87.863025 11.090775 2.2384250000000003 2.738125 -8.692949999999996 -2.8230000000000004 0.22790000000000088 -2.0082 -45.11069999999999 -4.11805 -1.2321 -2.011 -33.757524999999994 -1.4192 -1.223175 -0.72765 -3.58435 -0.094325 -0.067375 0 -0.094325 0.15872500000000003 -0.10779999999999999 0 -0.11969999999999992 0.6191000000000002 -0.9741 0 79.07777500000003 18.02785 0.24455000000000027 7.575925000000002 -3.0953499999999963 5.016775000000003 0.08369999999999989 2.272525 -52.25699999999999 -4.0131250000000005 -1.2906499999999999 -1.9263249999999998 -34.5222 -2.1218499999999993 -0.9517249999999999 -1.5204749999999998 -2.9240749999999998 -0.256025 -0.2695 -0.10779999999999999 0.8773250000000001 0.30622499999999997 -0.6611499999999997 0 11.4595 2.4545250000000003 0.6808999999999994 -0.19942499999999996 54.829425000000015 29.731349999999992 -0.2152750000000001 11.747 2.770050000000026 16.726875 -0.10420000000000007 9.891825000000004 -43.175399999999996 3.011700000000001 -0.903675 -0.5614250000000016 -35.576674999999994 -1.8097750000000001 -0.8528249999999999 -3.369225 -5.053949999999999 0.4017999999999997 -0.7034749999999996 -0.42722499999999997 3.780050000000001 6.796075000000002 0.038825000000001 0 12.442675000000001 13.160200000000003 -0.10565000000000424 0.34757499999999997 21.695400000000035 14.42817500000001 -0.455525 9.39065 3.345799999999997 14.923175 -0.17059999999999997 16.580875000000006 -24.53779999999999 19.124175000000008 -0.15442499999999998 9.0381 -35.981625 21.182899999999997 0.8074000000000003 -3.322875 -9.905075 18.287000000000006 2.268975000000001 -1.8846500000000002 1.3174500000000045 10.710750000000019 3.9180000000000064 -0.23434999999999995 12.308125000000018 17.643175000000042 4.0587249999999955 1.508775 -10.578900000000004 -1.0314249999999987 -0.026949999999999998 4.362624999999998 9.694149999999993 10.182450000000017 -0.08279999999999998 16.655599999999993 -14.810999999999993 24.94274999999999 -0.7304249999999999 12.134825000000006 -42.210725 24.916000000000054 -1.012599999999999 -11.271425 -17.864949999999993 16.910975000000008 1.2408750000000026 -6.724599999999999 5.887925000000003 23.866125000000068 3.196825000000004 -1.3286750000000005 11.755300000000005 12.539425000000051 12.760075 -1.7737499999999997
132.14814999999976 643.8164999999999 -9.676650000000002 153.7891 -71.08335000000022 72.91599999999994 -12.239450000000001 68.81439999999998 -155.71644999999995 -40.106100000000026 -11.47735 -9.633699999999997 -136.58515 -25.9581 -6.54675 -17.6628 -10.840600000000002 -1.75135 -0.18705 -1.3814 0 0 0 0 0 0 0 0 23.203649999999925 -7.240550000000013 -8.060749999999999 15.463549999999998 101.53334999999993 24.71875 -8.667250000000001 20.90235 -7.366200000000049 8.0049 -5.5013000000000005 6.926499999999999 -111.21000000000001 -1.0885500000000006 -3.2062999999999997 -4.86525 -10.8751 0.36855 -0.31175 -0.13440000000000002 0 0 0 0 2.1036 1.2271 0.35059999999999997 0 -29.2483500000003 -38.19185000000002 -7.094949999999997 -0.9537499999999994 145.0442999999999 6.86699999999999 -4.781600000000001 7.747799999999998 29.90780000000001 1.4096999999999937 -3.5416000000000016 4.473999999999998 -100.55365 0.20179999999999865 -3.5385500000000008 -2.0819 -11.6751 0.36855 -0.19675000000000004 0 0.61355 0.18884999999999996 0.7011999999999999 0 5.6638 3.788599999999999 5.461399999999999 0 -25.59985000000006 -70.44390000000004 -6.425700000000003 -8.529950000000007 134.30889999999988 -1.52085000000001 -0.23980000000000246 1.1986499999999936 47.14299999999997 -3.5262499999999974 -3.2749000000000006 3.2715499999999977 -92.49620000000003 -0.9100999999999999 -3.33685 -2.7593500000000004 -11.13495 0.5503500000000001 0.9679999999999997 -0.2538 0.21445000000000025 0.16384999999999916 3.772100000000001 0 -7.0530000000000115 4.970649999999992 3.8714000000000013 3.2639500000000004 -30.453950000000077 -75.21790000000004 -2.6651500000000024 -9.028000000000006 113.09230000000002 0.5337499999999977 0.8167999999999989 7.5214500000000015 27.1866 -10.686800000000005 -2.34155 14.156949999999995 -74.64955000000003 -8.437150000000003 -2.2524500000000005 -3.5618499999999997 -16.8667 -2.9222000000000037 7.907650000000002 -1.85485 -5.927700000000009 1.571950000000001 16.408449999999995 0 42.040549999999996 57.10419999999999 49.165099999999995 4.58095 -26.941600000000108 -47.60145000000006 1.1383499999999995 -6.135100000000008 65.67679999999996 -2.0064499999999725 0.9723999999999999 3.9977499999999964 42.8612 -4.3854500000000485 0.7039499999999999 22.747599999999977 -64.04725000000002 1.0583999999999492 5.020399999999999 -3.0747499999999945 -24.80595000000001 19.997000000000014 18.65535 -6.1139000000000046 5.977700000000013 50.1395 50.117999999999995 -1.5151 64.32624999999996 115.56354999999996 96.83884999999992 -0.4238500000000007 3.100599999999929 -39.00305000000003 0.1253 -2.8217500000000086 24.33589999999998 -20.922300000000178 0.11119999999999997 1.5275999999999499 65.11900000000003 30.321499999999787 3.3679499999999987 16.119449999999972 -62.47584999999998 76.54099999999994 9.455399999999997 -11.168050000000022 -46.26770000000002 92.59234999999967 30.16274999999996 -20.931600000000017 19.252049999999997 51.45925000000011 69.57644999999997 -11.336550000000003 33.76879999999994 -82.71894999999995 69.49095 -6.067500000000003
73.48422500000015 266.8572499999991 19.370525000000015 -71.08335000000022 1299.5269749999989 427.86649999999963 45.739824999999996 36.47609999999986 -266.32067499999994 -56.76965000000018 -8.004024999999999 -85.77404999999999 -734.4047250000001 -113.36515000000001 -28.242625000000007 -97.11570000000002 -60.828900000000004 -3.4350249999999996 -1.0920750000000001 -8.466600000000001 0 0 0 0 0 0 0 0 139.83497499999885 116.17017499999974 41.686375 -18.36567500000004 774.6580249999997 100.583125 53.381625 4.439024999999987 -182.86030000000028 23.189349999999962 -0.6059500000000142 -14.650250000000014 -679.1325 -7.054325000000002 -16.14845 -31.302875 -79.04065000000003 -0.6581750000000006 -1.8201250000000002 -1.1861000000000002 0 0 0 0 -1.1766000000000014 -0.6863500000000009 -0.19610000000000016 0 301.5694749999984 210.0367249999997 53.17907499999998 -8.970625000000013 597.0129499999994 101.87299999999993 47.77709999999999 7.238199999999978 -252.05430000000024 31.543049999999965 -4.932900000000011 -2.129000000000005 -678.3949750000002 -8.125800000000005 -25.174325000000003 -10.662350000000005 -77.60065000000002 -0.6581750000000006 -1.5501250000000002 0 -0.34317500000000045 -0.14122500000000038 -0.3922000000000003 0 -4.510300000000004 -3.279100000000007 -2.9059000000000026 0 364.889725 284.41214999999966 45.445449999999994 10.516574999999989 496.20034999999916 100.37572499999999 21.926299999999983 27.354974999999968 -300.5280000000007 35.930624999999964 -12.69935000000001 6.58382499999999 -644.8328000000001 0.776849999999996 -20.480775 -18.042025000000006 -61.058425 -0.8414750000000009 -2.600500000000001 -1.4522000000000004 0.10017500000000013 -2.2087250000000083 -0.9438499999999976 0 26.225499999999897 16.897974999999974 -7.765900000000016 -0.9330750000000005 368.28307499999937 202.40864999999985 12.947774999999993 11.507999999999925 390.00494999999955 119.33062499999994 1.7841999999999913 51.32067499999994 -227.6246000000001 102.73329999999987 -14.858825000000003 35.088924999999904 -599.820825 23.41727499999999 -18.719675000000002 -19.348275000000015 -81.82105 -7.691800000000029 -10.054025000000003 -1.6852750000000043 16.15994999999998 -2.7135750000001053 -0.026325000000042564 0 80.79982500000006 151.64479999999958 55.24064999999996 3.2799249999999986 240.64959999999974 166.8543249999998 0.3130249999999979 20.84434999999985 236.3141999999998 141.26432499999987 -0.8144000000000009 82.04162499999995 -137.63720000000058 129.17832499999986 -3.8880750000000006 71.4518999999998 -522.1208750000002 71.64709999999968 -10.202400000000011 -31.31962500000003 -78.92242499999998 113.4380000000001 7.583525000000009 -2.900350000000003 70.5275499999999 170.92425000000003 73.82199999999989 8.029349999999997 195.78937499999984 344.214324999999 158.9787749999996 6.598724999999995 109.23389999999972 219.97392499999978 0.11194999999999988 33.64987499999984 111.87584999999945 207.63254999999936 0.20279999999999987 91.40939999999978 18.53099999999995 488.38724999999977 -8.992075 80.20267499999977 -450.1317750000003 600.389000000001 -33.1074000000001 -203.64607500000034 -193.34005000000025 591.8215249999976 79.97662499999979 -84.88040000000012 179.2845749999999 697.4413750000003 151.76067499999976 35.31117499999996 308.10469999999987 736.4180749999996 116.42742499999986 20.743749999999977
-1279.7685000000001 1320.1699999999992 -0.7865000000000038 72.91599999999994 427.86649999999963 1492.5199999999995 40.555499999999995 262.6739999999999 454.5105000000001 603.6139999999999 9.356500000000004 81.78300000000002 -259.26149999999996 45.024 -13.262500000000005 -46.468 -27.586000000000002 8.951500000000001 -0.7155 -4.934 0 0 0 0 0 0 0 0 -998.2435000000005 165.58949999999982 6.492499999999978 -27.899500000000018 347.7784999999999 187.52249999999998 34.44749999999999 30.84349999999999 655.6429999999998 123.88900000000001 14.911999999999992 26.804999999999993 -147.54500000000007 28.0895 -8.333 -13.582499999999998 -22.531000000000013 3.8605 -1.1925000000000001 -0.16400000000000003 0 0 0 0 -2.724 -1.5890000000000004 -0.45400000000000007 0 -868.3535000000002 71.9514999999999 16.655500000000004 -31.002500000000012 356.578 51.839999999999975 34.324 -4.907000000000011 615.0680000000002 73.14699999999999 14.733999999999995 6.519999999999996 -139.1015000000001 26.293 -7.325500000000002 -5.999000000000001 -25.33100000000001 3.8605 -0.4025000000000001 0 -0.7945000000000002 -1.3615 -0.9080000000000001 0 -10.362000000000004 -17.754 -8.926000000000002 0 -685.4535000000005 73.24599999999987 21.042999999999978 -53.15950000000001 286.2439999999997 18.41149999999999 17.536999999999992 -17.373500000000007 542.4549999999999 66.95749999999998 8.125999999999998 17.115499999999997 -137.39700000000005 34.589000000000006 -8.353499999999999 -5.113499999999998 -29.0795 8.903500000000001 -2.2300000000000004 0.1519999999999999 -13.970499999999998 -8.826500000000003 -9.998999999999999 0 -59.150000000000006 -100.31850000000003 -47.17099999999999 5.6395 -466.06950000000006 28.846000000000004 12.908499999999997 -74.36500000000004 150.35300000000007 6.207499999999868 4.052999999999997 -47.10050000000001 474.62099999999987 100.63699999999994 -6.240499999999999 34.46449999999996 -94.02050000000008 75.85849999999999 -12.5195 7.241499999999988 -24.302000000000007 -6.662000000000006 -19.9835 1.3864999999999998 -35.37700000000001 -94.18050000000005 -67.11550000000003 0 -131.04949999999997 -248.10300000000007 -146.75900000000013 10.599500000000003 -268.76099999999997 29.43049999999971 1.5934999999999988 -73.51100000000002 1.143000000000029 -27.754500000000007 -0.6460000000000004 -85.13750000000016 337.04200000000014 27.060500000000047 -5.140499999999999 29.28099999999995 -87.27750000000015 1.7139999999997144 -23.000999999999998 49.182500000000005 -82.0745 -64.46500000000015 -58.42650000000003 34.52099999999999 -41.68299999999999 -87.14499999999998 -68.25 12.838999999999997 -105.01250000000005 -72.94949999999972 -50.3715000000002 7.331499999999998 -171.15400000000022 -37.76050000000009 -0.20700000000000002 -54.137500000000045 -79.52100000000019 -226.60800000000017 -1.0380000000000003 -127.44900000000018 148.94499999999994 -277.5600000000004 -16.8455 56.65949999999998 -253.26350000000014 48.75 -76.39100000000002 69.89949999999988 -280.4870000000001 571.6084999999994 -22.00750000000005 88.66399999999999 -94.7645 995.8224999999993 110.19949999999994 90.34449999999998 146.7579999999998 1434.9404999999997 243.33949999999982 88.105
-84.30942499999998 -92.44925 5.242674999999999 -12.239450000000001 45.739824999999996 40.555499999999995 15.175775 -1.1713000000000005 30.287275 40.36345 10.137825 1.43865 -7.984074999999999 18.54995 2.346625 -1.6819000000000002 1.6737 3.905825 -0.021525 -0.1722 0 0 0 0 0 0 0 0 -15.27917499999998 20.609225 6.534625 -3.1277250000000008 13.795175 9.491875 7.151375 -2.1078250000000005 7.874899999999997 2.0764500000000004 2.3413500000000003 -1.40675 -15.402500000000002 -0.24727500000000008 -0.13115 -0.810125 -1.9085500000000002 -0.050225000000000006 -0.035875000000000004 -0.028700000000000003 0 0 0 0 -0.1722 -0.10045000000000001 -0.028700000000000003 0 11.75732499999998 21.208075 5.4255249999999995 -0.5643750000000001 1.757649999999984 3.8009999999999984 3.8806999999999996 -1.4506000000000003 -3.348099999999995 0.8143500000000001 0.43569999999999975 -1.028 -18.195825 -0.5936000000000001 -0.597275 -0.38745 -1.9085500000000002 -0.050225000000000006 -0.035875000000000004 0 -0.050225000000000006 -0.064575 -0.05740000000000001 0 -0.5001 -0.8897 -0.5453 0 15.039074999999997 39.29905 4.54515 3.1080250000000005 3.228449999999995 4.121074999999998 0.7670999999999997 0.6808249999999996 -10.291000000000004 -0.055625000000000036 -0.11145000000000016 -0.4262250000000001 -19.712600000000002 -0.8160499999999999 -0.484425 -0.628175 -1.556975 -0.136325 -0.14350000000000002 -0.05740000000000001 -0.6507749999999999 -0.6620750000000001 -0.5179499999999999 0 -0.9665000000000017 -3.7581750000000005 -2.5852999999999997 -0.10852499999999998 12.07352499999999 36.28454999999999 2.0734249999999994 3.8209999999999997 -1.788349999999994 12.164375000000003 0.4613999999999998 3.0977250000000005 -10.318199999999997 12.041099999999998 -0.398775 2.835474999999998 -17.062775000000002 4.414925 -0.45072500000000004 0.5480749999999999 -3.2403500000000003 -0.12060000000000048 -0.902175 0.23407499999999998 -1.8133500000000007 -1.1620249999999999 -1.6762750000000013 0 -7.109225000000002 1.7415999999999983 -2.2914500000000046 0.007475000000000009 3.4081999999999937 11.942274999999995 -0.03482500000000005 1.3514499999999998 -3.0486000000000075 12.767274999999998 -0.09980000000000001 4.921375000000001 -9.162400000000005 10.135275 -0.11852499999999999 4.2423 -10.321125000000002 6.015699999999999 -0.28580000000000005 1.9826250000000005 -3.619975 3.7510000000000048 -1.7163249999999994 1.7465499999999996 0.40584999999999916 0.2747499999999974 -0.6859999999999999 0.97145 -9.529375000000002 -4.7377249999999975 -4.8495750000000015 0.5770749999999999 -7.373700000000007 -3.069525000000006 -0.014350000000000002 -1.0608750000000011 -4.773050000000005 -3.6091499999999996 -0.04240000000000001 1.7047999999999988 -11.077999999999996 -2.8742500000000177 -0.3865249999999998 4.726724999999995 -9.166425 -0.5369999999999777 -0.7657999999999987 -2.364525000000004 -2.7983499999999992 9.44467499999999 0.48637499999999534 2.953199999999999 -0.15097499999999542 23.969625000000008 0.007725000000000648 6.8962249999999985 -4.330100000000002 51.36352500000001 -2.800024999999998 3.3262499999999995
-262.1729 441.99599999999987 -5.706099999999999 68.81439999999998 36.47609999999986 262.6739999999999 -1.1713000000000005 101.44959999999999 48.500699999999995 71.1926 -4.334899999999998 27.44919999999999 -71.7251 -9.7104 -4.2145 -9.625200000000001 -7.0004 -0.7908999999999999 -0.13470000000000001 -0.9276000000000001 0 0 0 0 0 0 0 0 -252.6309 -20.478700000000003 -5.9205000000000005 -4.059300000000004 115.76889999999992 36.017499999999984 4.2585 12.509899999999998 160.63920000000002 24.231599999999997 3.6957999999999984 9.946 -43.67 5.164299999999999 -1.2842 -1.9535 -4.2434 0.7357 -0.22450000000000003 -0.029600000000000015 0 0 0 0 0.36239999999999983 0.21139999999999992 0.06039999999999998 0 -245.42390000000012 -17.18289999999999 0.26170000000000115 -7.5275 128.87620000000004 14.097999999999985 8.660599999999999 0.17019999999999946 157.6952 13.334799999999998 4.3756 3.0409999999999986 -39.539100000000005 3.341199999999999 -1.480700000000001 -1.1396000000000004 -4.883400000000001 0.7357 -0.07450000000000004 0 0.10569999999999996 -0.10410000000000003 0.12079999999999996 0 0.4291999999999989 -1.1276000000000002 0.6675999999999997 0 -204.21990000000005 -16.947600000000023 5.1812000000000005 -14.163300000000003 115.46759999999995 6.0411 6.736799999999999 -3.8709000000000024 136.04199999999997 8.262500000000003 1.8384 3.802699999999998 -37.340800000000016 1.3666 -2.0279 -1.3129 -6.2133 1.6369000000000002 0.09199999999999986 0.010799999999999976 -2.3787 -1.9241000000000006 -0.12359999999999971 0 -6.487000000000009 -18.047900000000006 -6.167400000000001 3.4443 -140.1793 -41.19360000000003 2.7148999999999983 -20.162000000000006 84.52319999999997 -4.487500000000011 2.9061999999999992 -9.855700000000006 109.6094 -0.42620000000000857 -0.6677000000000004 10.77129999999999 -24.78970000000001 1.0918999999999954 -2.0883000000000003 0.6120999999999981 -7.7378 -2.934800000000001 -0.9748999999999981 -0.5899000000000003 -9.216800000000003 -18.233700000000013 -5.727700000000006 0 8.11869999999999 -27.3322 -6.1466000000000065 3.2272999999999996 -86.01440000000002 -26.569300000000027 0.9188999999999998 -16.38840000000001 29.82619999999997 -16.769300000000015 0.3365999999999999 -13.606500000000025 100.62080000000003 -15.030299999999983 -0.8607 15.02839999999999 -19.551500000000033 -30.594400000000007 -2.1263999999999985 6.7834999999999965 -25.7673 -25.732 -2.5981000000000023 0.37239999999999895 -6.093199999999996 -5.22199999999998 9.182000000000016 0.30659999999999954 16.007499999999993 18.1807 36.24089999999998 0.3240999999999996 -38.71460000000002 -25.853700000000003 -0.019799999999999998 -9.764500000000012 -12.119400000000041 -69.40820000000008 -0.14920000000000003 -20.761600000000044 67.19600000000003 -60.01900000000012 -2.0996999999999995 30.511299999999977 -37.38890000000001 36.96400000000017 -9.36140000000001 23.8313 -64.81180000000002 123.32989999999972 15.773499999999984 -1.9444000000000088 -14.195300000000003 134.90949999999998 55.29429999999999 -0.4677000000000042 34.66419999999994 125.00570000000005 77.16730000000004 9.965
-2884.7999249999993 -1188.9692499999996 -36.41682499999999 -155.71644999999995 -266.32067499999994 454.5105000000001 30.287275 48.500699999999995 1820.0887750000004 594.43045 46.407325 224.31265 1033.0764250000002 178.84695 31.579125 130.9941 29.875700000000002 3.6553250000000004 0.651975 2.1708000000000007 0 0 0 0 0 0 0 0 -2012.6346749999998 -118.89227500000004 -16.222874999999988 -52.02622499999999 -389.11432499999955 6.079375000000027 30.99387500000001 -18.972324999999998 1317.7939000000001 63.68845 37.37235 36.45825 982.3325000000001 16.206225 18.03985 44.287375 52.228449999999995 0.01627500000000004 0.9566250000000001 0.6243 0 0 0 0 -4.1442 -2.41745 -0.6907 0 -1824.5681749999994 -53.287424999999985 6.30702500000001 -50.05187499999999 -454.5333499999997 -26.119 26.19270000000001 -30.536599999999996 1184.2559 48.940349999999995 35.797700000000006 22.017000000000003 984.939675 20.3554 27.731225 23.80055 60.15845 0.01627500000000004 0.741625 0 -1.208725 -1.5540749999999999 -1.3814 0 -15.886099999999999 -21.411699999999996 -13.123299999999999 0 -1565.8914249999998 -110.01295000000005 15.469150000000013 -86.67547499999998 -506.0845499999996 -78.79942499999996 9.848100000000002 -57.429674999999996 1063.3840000000002 52.09687500000001 35.04155 30.98527500000001 956.5814 28.140950000000004 25.730075000000006 44.981325 55.50952500000001 0.7191750000000003 -1.9285 2.4135999999999997 -17.752274999999994 -11.931574999999999 -15.534949999999997 0 -118.30649999999999 -159.34867499999996 -74.50829999999999 -0.9650249999999989 -1197.5899749999996 -177.3174499999999 10.378925000000002 -114.159 -541.6443499999996 -170.07312499999995 2.8854000000000006 -134.62377499999997 880.1398000000002 -7.177900000000022 25.774725000000004 2.408974999999998 943.875725 36.445425000000014 13.725775000000002 74.99257500000002 89.90865 -25.431599999999996 -26.227674999999994 13.088575 -63.10435 -146.148525 -99.83777500000001 0 -411.43772499999994 -504.66239999999993 -283.41845 1.0309750000000015 -745.6548 -154.98122499999988 1.7406750000000004 -116.68154999999996 -508.0996 -281.8312249999999 -1.5377999999999998 -195.636125 552.4936 -249.08822499999985 -0.9750249999999987 -51.864699999999914 845.8663750000001 -226.05729999999994 -24.68379999999999 144.88012500000005 79.47652500000004 -290.84899999999993 -119.11582499999997 56.57455 -148.76314999999994 -430.4952499999998 -216.69099999999997 6.81845 -524.8818749999998 -739.1312249999996 -350.88907499999993 3.7965750000000025 -435.8357000000001 -234.671025 -0.34535 -106.58337499999999 -444.3310499999999 -685.8881499999998 -1.3814 -264.39720000000005 91.8720000000003 -1270.6242499999994 -27.22802499999999 -3.8947749999999814 693.3880750000001 -988.3169999999991 -62.52879999999999 455.208975 216.80065000000013 -581.2048249999998 -140.9861249999999 219.57020000000003 -290.48947499999997 -556.6728749999997 -207.3937749999999 38.874725 -351.9560999999999 -131.3599749999994 -119.58152499999983 33.25625000000001
-1193.6411499999997 -111.08650000000011 -10.395350000000004 -40.106100000000026 -56.76965000000018 603.6139999999999 40.36345 71.1926 594.43045 616.6631 47.05435 102.1377 314.48815 221.29010000000002 14.756749999999998 33.9938 20.392599999999998 26.35835 -0.01695000000000002 -0.12560000000000016 0 0 0 0 0 0 0 0 -807.3716500000002 25.541549999999972 1.140749999999997 -25.154550000000004 -105.62035000000003 64.05625 20.487249999999996 -2.404350000000001 511.7052 68.51209999999999 21.7573 17.523499999999995 311.635 25.00955 4.2322999999999995 11.865250000000001 27.1971 3.60045 -0.11825000000000002 0.6874 0 0 0 0 -1.8156 -1.0591000000000002 -0.30260000000000004 0 -689.4046500000002 -1.126150000000024 4.713950000000004 -23.496250000000003 -107.19530000000009 -1.0770000000000124 19.233599999999996 -16.2188 439.51120000000003 37.81129999999999 25.0086 3.4709999999999983 290.66665 23.1372 12.38455 6.309899999999999 25.3071 3.60045 0.40175 0 -0.5295500000000001 -0.68085 -0.6052000000000001 0 -6.9598 -9.380600000000001 -5.7494000000000005 0 -564.2481500000001 21.926899999999932 6.179699999999997 -35.441050000000004 -116.40690000000006 -27.077150000000003 6.535799999999995 -23.366650000000007 400.6819999999999 33.15125 17.3829 6.912449999999996 256.7052 26.4871 9.70885 10.031349999999998 13.02395 7.432649999999999 -0.7230000000000001 1.3348 -7.658449999999999 -6.815850000000001 -7.2941 0 -59.507000000000005 -79.79865000000001 -40.049400000000006 0.7120499999999996 -433.15205000000014 26.1259 7.92315 -43.312000000000005 -159.32330000000002 -44.588750000000005 0.7921999999999993 -50.260450000000006 342.66139999999996 48.87779999999998 1.6175499999999996 4.984049999999982 265.04554999999993 55.18014999999999 -0.6285500000000006 22.96385 33.0707 -4.273800000000001 -13.010649999999998 4.63185 -33.993300000000005 -77.89095000000002 -53.17245 0 -190.44655 -279.42320000000007 -159.37210000000005 -0.3249499999999994 -276.0214000000001 10.92044999999996 2.4796499999999995 -47.57290000000002 -167.1328000000001 -57.794550000000015 -0.8604000000000002 -79.21275000000003 180.15480000000002 -15.625549999999976 -2.8679500000000004 -12.97460000000001 257.10224999999997 -20.371399999999994 -16.7284 55.824749999999995 10.344950000000011 -104.46700000000004 -62.192350000000005 30.451899999999995 -76.0317 -181.41450000000003 -113.02300000000002 8.127099999999999 -227.73624999999998 -305.51455 -158.00585000000007 0.2558499999999988 -178.54260000000005 -87.45095000000003 -0.15130000000000002 -49.15825000000001 -166.1039 -240.49170000000015 -0.6052000000000001 -115.65960000000001 -13.879000000000019 -466.2365 -12.61195 -7.938450000000046 137.11284999999998 -330.30099999999993 -46.763400000000004 136.67904999999996 -14.388300000000015 47.24064999999973 -85.27775 118.94359999999999 -158.11305000000002 298.5307499999999 -67.33045000000004 68.07755 -56.88980000000004 704.4629500000001 28.370049999999992 62.537499999999994
-115.91677499999997 -96.08774999999999 0.19652500000000028 -11.47735 -8.004024999999999 9.356500000000004 10.137825 -4.334899999999998 46.407325 47.05435 17.084975 7.59895 42.301275000000004 38.81885 9.017375 5.066300000000001 6.995100000000001 6.993975 -0.015074999999999998 -0.12059999999999998 0 0 0 0 0 0 0 0 -56.63602499999999 12.537175000000005 2.521375 -2.4726749999999997 -12.950975 0.8031250000000014 2.781625 -1.829975 33.6127 -0.11664999999999992 2.4860499999999996 -0.37525 30.6225 0.012674999999999992 1.71355 0.39712500000000006 1.9933500000000002 -0.035175 0.064875 -0.0201 0 0 0 0 -0.12059999999999998 -0.07035 -0.0201 0 -39.711524999999995 -0.10927500000000023 0.8870750000000003 -1.5356249999999996 -19.69905 -1.4019999999999992 1.2911000000000001 -1.4387999999999999 31.4187 0.46004999999999985 0.9761000000000001 -0.6539999999999999 28.721025000000004 -0.16279999999999994 0.7876749999999999 -0.25134999999999996 1.0933500000000003 -0.035175 0.064875 0 -0.035175 -0.045224999999999994 -0.0402 0 -0.4623 -0.6230999999999999 -0.38189999999999996 0 -34.71627499999998 11.813150000000004 0.8234500000000002 -1.2204249999999996 -16.81564999999999 -3.9202749999999984 -0.04170000000000007 -1.3210249999999997 27.891999999999996 -0.48437499999999956 0.97165 0.10182500000000028 24.660199999999996 -0.34414999999999984 0.218225 0.7969750000000001 0.43957500000000027 -0.09547499999999999 -0.10049999999999999 0.0498 -0.5278249999999999 -0.547725 -0.5128499999999998 0 -4.9295 -6.303025 -3.1768999999999994 -0.13607499999999995 -29.89392499999999 13.119650000000004 0.47377500000000006 -1.0719999999999992 -19.132049999999992 -1.5043749999999996 0.04720000000000002 -2.302324999999999 19.8414 7.4153 1.103175 1.0609250000000001 25.061175000000002 2.5332749999999997 0.608325 2.6657250000000006 0.5869500000000003 -1.0888 -0.9800249999999997 0.323725 -2.88705 -5.051575 -3.4193249999999997 0 -16.247175 -17.7532 -10.498350000000002 -0.38807499999999995 -23.956399999999995 -3.732674999999997 0.04902500000000001 -3.4266499999999986 -16.367800000000003 2.0573250000000023 -0.0804 -3.063374999999999 6.659800000000004 1.3963250000000045 0.17392500000000005 0.3929000000000027 28.179125000000003 -2.3888999999999996 -0.4733999999999996 6.565375000000001 0.7155750000000012 -11.141999999999994 -4.480474999999998 2.1656500000000003 -6.625449999999999 -17.01074999999999 -8.297999999999998 0.40335 -22.640624999999993 -30.327674999999992 -14.255225 -0.217275 -17.305099999999996 -11.619074999999999 -0.01005 -3.5401249999999997 -19.49515 -25.32045 -0.0402 -8.2196 -6.883999999999997 -45.122749999999996 -0.6150749999999998 -0.19532500000000041 27.882225000000002 -43.860999999999976 -2.718399999999999 16.840925000000002 11.317950000000003 -26.722475000000003 -7.5433749999999975 12.7736 -12.817424999999998 -11.188624999999988 -10.002324999999995 5.988175 -24.177299999999992 21.02107500000001 -8.740574999999993 2.8287500000000003
-429.0245499999999 -91.38049999999998 -6.485949999999998 -9.633699999999997 -85.77404999999999 81.78300000000002 1.43865 27.44919999999999 224.31265 102.1377 7.59895 71.4659 151.97855 19.941699999999997 5.554749999999999 34.7846 2.0742000000000003 -0.40804999999999997 -0.06315 -0.00019999999999997797 0 0 0 0 0 0 0 0 -315.27805 -41.873650000000005 -5.837250000000001 -8.38735 -75.92594999999997 -0.3187500000000014 2.57325 -1.4889500000000009 194.27339999999998 10.5557 7.559099999999999 9.5795 178.94 5.44235 3.5591000000000004 9.97425 10.480699999999999 0.30765 -0.04525000000000001 0.2808 0 0 0 0 -0.5052 -0.2947 -0.0842 0 -296.34405000000004 -21.919550000000008 -1.02285 -7.276249999999999 -76.84510000000003 -7.533999999999999 4.0662 -5.4846 183.00539999999998 6.107099999999999 9.391200000000001 1.3919999999999995 175.72305 3.9274 4.82735 3.4833 12.180700000000002 0.30765 0.01974999999999999 0 -0.14735 -0.18944999999999998 -0.1684 0 -1.9366 -2.6102 -1.5998 0 -262.89855 -22.152699999999996 2.414900000000001 -13.027849999999999 -71.4373 -11.861549999999998 3.2885999999999997 -9.47305 164.43399999999997 3.8862500000000004 6.9343 2.24165 163.6884 2.9057000000000004 3.1604500000000004 5.867949999999999 10.72215 0.7000500000000001 -0.32600000000000007 0.0466 -2.26865 -1.9844500000000003 -2.0896999999999997 0 -10.299000000000003 -22.902050000000003 -10.5498 1.19985 -201.80485 -41.509699999999995 1.0585499999999994 -18.169000000000004 -64.85109999999997 -29.423750000000002 1.0724 -21.46265 135.77380000000002 -12.892399999999999 5.68335 -2.6311500000000017 156.53435000000002 0.8075499999999991 3.1096499999999994 6.875450000000001 13.646900000000002 -3.6346000000000003 -3.76605 0.4014500000000001 -10.906099999999999 -22.266150000000003 -14.141650000000002 0 -39.111349999999995 -82.91440000000001 -43.020700000000005 -0.46914999999999996 -128.3438 -31.407349999999994 0.3890499999999999 -17.159299999999998 -60.382600000000025 -43.692350000000005 -0.30179999999999996 -29.73175 98.79660000000001 -40.78934999999999 0.74985 -8.873199999999997 128.87825 -41.60880000000001 -2.2828 18.485750000000003 3.294150000000002 -49.91399999999999 -16.06495 5.4223 -26.508899999999997 -63.291499999999985 -30.416000000000004 -0.06929999999999992 -67.10125 -101.67734999999999 -38.899450000000016 -0.85555 -74.74420000000002 -41.38615 -0.0421 -15.740249999999996 -65.33630000000001 -111.16890000000001 -0.1684 -41.5032 30.577000000000027 -198.89049999999997 -3.758149999999999 12.931349999999995 100.75845000000001 -138.02699999999993 -9.637799999999999 80.22385 12.398899999999998 -62.478950000000054 -19.256749999999997 29.2562 -53.86685 -71.46724999999992 -22.31264999999999 -0.9116500000000016 -49.3716 -31.244849999999985 0.980850000000018 5.0075
-1933.4994749999998 -1304.9797499999997 -30.562775 -136.58515 -734.4047250000001 -259.26149999999996 -7.984074999999999 -71.7251 1033.0764250000002 314.48815 42.301275000000004 151.97855 1397.129975 238.45365000000004 53.453875000000004 175.7787 132.7749 8.352275 2.583825 19.1656 0 0 0 0 0 0 0 0 -1364.5727249999998 -192.130925 -28.105125 -32.103575 -658.310275 -65.08937499999999 -12.292874999999999 -21.971275000000002 635.0823 -1.6408499999999933 28.40645 23.462750000000003 1228.9175 6.568575000000001 33.32395 53.971625 161.41915 1.2689249999999999 4.101375 2.4301 0 0 0 0 -1.6493999999999998 -0.9621500000000001 -0.2749 0 -1336.692225 -169.941975 -25.620825 -29.208125 -641.91345 -77.48299999999999 -12.506099999999996 -24.1512 614.1013 6.42745 33.4489 10.069 1211.387725 18.937800000000003 52.058575000000005 20.38385 155.14415000000002 1.2689249999999999 3.4213750000000003 0 -0.48107500000000003 -0.618525 -0.5498 0 -6.3227 -8.521899999999999 -5.2231 0 -1239.2299749999997 -237.55564999999996 -22.05095 -55.098325 -633.60685 -101.77097499999999 -9.618299999999998 -42.392725 645.138 11.788125 39.06585 10.201925 1125.7248 20.336650000000002 42.670525 37.014275 121.66167499999999 2.094225 3.4204999999999997 3.5202000000000004 -7.765924999999998 -7.4910250000000005 -7.834649999999999 0 -78.2155 -103.93072500000001 -46.458099999999995 -2.4351749999999996 -1040.709825 -270.90214999999995 -9.092525000000002 -80.238 -599.8154499999999 -163.991875 -4.2272 -95.926425 561.8086000000001 -44.145300000000006 24.778075 -10.522175000000004 1064.195075 10.517975 31.455425 63.738025 154.99555 -19.121199999999998 -10.233724999999998 10.485025 -46.47045 -97.944675 -65.649425 0 -282.9040749999999 -406.53679999999997 -224.51915 -8.133175 -690.7336 -239.268575 -0.0002749999999998032 -93.50585 -518.1121999999999 -262.63857499999995 -1.0996 -165.502875 331.64520000000005 -212.80757499999999 0.09482500000000016 -64.6929 1012.744625 -181.33110000000002 -16.521599999999996 117.665875 163.310675 -258.528 -89.46077499999998 34.28185 -135.33705 -371.1017499999999 -193.382 -2.12585 -406.148125 -654.1135749999999 -311.583525 -5.493975 -366.5699 -269.777175 -0.13745 -90.173625 -435.98735 -627.14705 -0.5498 -242.49040000000002 -0.7659999999999059 -1233.43475 -12.181174999999998 -102.613425 949.9115250000001 -1211.0239999999997 -27.771599999999978 428.662825 374.39955 -989.6287750000001 -162.39787499999997 195.39639999999997 -264.99632499999996 -1042.370125 -260.816425 -3.926925000000004 -418.0627 -858.5498249999998 -241.47067499999994 -7.096250000000001
